 0.210000006E+03 0.100000000E+06 0.154573687E-07
 0.810000024E+03 0.100000000E+06 0.309147373E-07
 0.181000005E+04 0.100000000E+06 0.463721060E-07
 0.321000010E+04 0.100000000E+06 0.618294746E-07
 0.501000015E+04 0.100000000E+06 0.772868433E-07
 0.721000021E+04 0.100000000E+06 0.927442119E-07
 0.981000029E+04 0.100000000E+06 0.108201581E-06
 0.128100004E+05 0.100000000E+06 0.123658949E-06
 0.162100005E+05 0.100000000E+06 0.139116318E-06
 0.200100006E+05 0.100000000E+06 0.154573687E-06
 0.242100007E+05 0.100000000E+06 0.170031055E-06
 0.288100009E+05 0.100000000E+06 0.185488424E-06
 0.338100010E+05 0.109850005E+06 0.200945792E-06
 0.392100012E+05 0.137200006E+06 0.216403161E-06
 0.450100013E+05 0.168750008E+06 0.231860530E-06
 0.512100015E+05 0.204800009E+06 0.247317898E-06
 0.578100017E+05 0.245650011E+06 0.262775267E-06
 0.648100019E+05 0.291600013E+06 0.278232636E-06
 0.722100022E+05 0.342950015E+06 0.293690004E-06
 0.799999777E+05 0.400000103E+06 0.309147373E-06
 0.799999755E+05 0.400000113E+06 0.340062118E-06
 0.799999731E+05 0.400000124E+06 0.374068338E-06
 0.799999704E+05 0.400000137E+06 0.411475180E-06
 0.799999674E+05 0.400000150E+06 0.452622708E-06
 0.799999641E+05 0.400000166E+06 0.497884990E-06
 0.799999605E+05 0.400000182E+06 0.547673501E-06
 0.799999566E+05 0.400000200E+06 0.602440864E-06
 0.799999523E+05 0.400000220E+06 0.662684964E-06
 0.799999475E+05 0.400000242E+06 0.728953477E-06
 0.799999422E+05 0.400000267E+06 0.801848842E-06
 0.799999365E+05 0.400000293E+06 0.882033745E-06
 0.799999301E+05 0.400000323E+06 0.970237140E-06
 0.799999231E+05 0.400000355E+06 0.106726088E-05
 0.799999154E+05 0.400000390E+06 0.117398699E-05
 0.799999070E+05 0.400000429E+06 0.129138572E-05
 0.799998977E+05 0.400000472E+06 0.142052432E-05
 0.799998874E+05 0.400000519E+06 0.156257679E-05
 0.799998762E+05 0.400000571E+06 0.171883450E-05
 0.799998638E+05 0.400000629E+06 0.189071799E-05
 0.799998502E+05 0.400000691E+06 0.207978984E-05
 0.799998352E+05 0.400000761E+06 0.228776887E-05
 0.799998187E+05 0.400000837E+06 0.251654581E-05
 0.799998006E+05 0.400000920E+06 0.276820045E-05
 0.799997806E+05 0.400001012E+06 0.304502057E-05
 0.799997587E+05 0.400001114E+06 0.334952270E-05
 0.799997346E+05 0.400001225E+06 0.368447504E-05
 0.799997080E+05 0.400001347E+06 0.405292264E-05
 0.799996788E+05 0.400001482E+06 0.445821500E-05
 0.799996467E+05 0.400001630E+06 0.490403660E-05
 0.799996114E+05 0.400001793E+06 0.539444038E-05
 0.799995725E+05 0.400001973E+06 0.593388455E-05
 0.799995298E+05 0.400002170E+06 0.652727314E-05
 0.799994827E+05 0.400002387E+06 0.718000061E-05
 0.799994310E+05 0.400002626E+06 0.789800085E-05
 0.799993741E+05 0.400002888E+06 0.868780112E-05
 0.799993115E+05 0.400003177E+06 0.955658144E-05
 0.799992427E+05 0.400003495E+06 0.105122398E-04
 0.799991669E+05 0.400003844E+06 0.115634640E-04
 0.799990836E+05 0.400004229E+06 0.127198107E-04
 0.799989920E+05 0.400004651E+06 0.139917921E-04
 0.799988912E+05 0.400005117E+06 0.153909716E-04
 0.799987803E+05 0.400005628E+06 0.169300692E-04
 0.799986583E+05 0.400006191E+06 0.186230765E-04
 0.799985242E+05 0.400006810E+06 0.204853846E-04
 0.799983766E+05 0.400007491E+06 0.225339235E-04
 0.799982143E+05 0.400008240E+06 0.247873164E-04
 0.799980357E+05 0.400009064E+06 0.272660487E-04
 0.799978393E+05 0.400009971E+06 0.299926542E-04
 0.799976232E+05 0.400010968E+06 0.329919203E-04
 0.799973855E+05 0.400012065E+06 0.362911131E-04
 0.799971241E+05 0.400013271E+06 0.399202253E-04
 0.799968365E+05 0.400014598E+06 0.439122488E-04
 0.799965201E+05 0.400016058E+06 0.483034747E-04
 0.799961721E+05 0.400017664E+06 0.531338233E-04
 0.799957894E+05 0.400019430E+06 0.584472069E-04
 0.799953683E+05 0.400021373E+06 0.642919290E-04
 0.799949052E+05 0.400023511E+06 0.707211234E-04
 0.799943957E+05 0.400025862E+06 0.777932375E-04
 0.799938353E+05 0.400028448E+06 0.855725631E-04
 0.799932188E+05 0.400031293E+06 0.941298214E-04
 0.799925408E+05 0.400034423E+06 0.103542806E-03
 0.799917949E+05 0.400037865E+06 0.113897089E-03
 0.799909744E+05 0.400041652E+06 0.125286800E-03
 0.799900719E+05 0.400045817E+06 0.137815483E-03
 0.799890792E+05 0.400050399E+06 0.151597035E-03
 0.799879872E+05 0.400055440E+06 0.166756742E-03
 0.799867860E+05 0.400060984E+06 0.183432420E-03
 0.799854647E+05 0.400067083E+06 0.201775667E-03
 0.799840113E+05 0.400073792E+06 0.221953238E-03
 0.799824126E+05 0.400081172E+06 0.244148567E-03
 0.799806541E+05 0.400089290E+06 0.268563430E-03
 0.799787198E+05 0.400098220E+06 0.295419779E-03
 0.799765920E+05 0.400108043E+06 0.324961764E-03
 0.799742516E+05 0.400118849E+06 0.357457949E-03
 0.799716772E+05 0.400130736E+06 0.393203752E-03
 0.799688455E+05 0.400143812E+06 0.432524137E-03
 0.799657307E+05 0.400158196E+06 0.475776561E-03
 0.799623046E+05 0.400174019E+06 0.523354228E-03
 0.799585361E+05 0.400191425E+06 0.575689663E-03
 0.799543908E+05 0.400210573E+06 0.633258643E-03
 0.799498314E+05 0.400231636E+06 0.696584523E-03
 0.799448162E+05 0.400254807E+06 0.766242992E-03
 0.799392999E+05 0.400280297E+06 0.842867309E-03
 0.799332325E+05 0.400308337E+06 0.927154060E-03
 0.799265588E+05 0.400339184E+06 0.101986949E-02
 0.799192184E+05 0.400373119E+06 0.112185646E-02
 0.799111447E+05 0.400410450E+06 0.123404213E-02
 0.799022646E+05 0.400451518E+06 0.135744638E-02
 0.798924976E+05 0.400496698E+06 0.149319105E-02
 0.798817553E+05 0.400546401E+06 0.164251019E-02
 0.798699405E+05 0.400601082E+06 0.180676125E-02
 0.798569461E+05 0.400661240E+06 0.198743741E-02
 0.798426548E+05 0.400727424E+06 0.218618120E-02
 0.798269373E+05 0.400800240E+06 0.240479937E-02
 0.798096517E+05 0.400880352E+06 0.264527937E-02
 0.797906418E+05 0.400968493E+06 0.290980737E-02
 0.797697361E+05 0.401065471E+06 0.320078817E-02
 0.797467462E+05 0.401172175E+06 0.352086707E-02
 0.797214649E+05 0.401289581E+06 0.387295386E-02
 0.796936648E+05 0.401418767E+06 0.426024934E-02
 0.796630959E+05 0.401560921E+06 0.468627437E-02
 0.796294836E+05 0.401717347E+06 0.515490192E-02
 0.795925264E+05 0.401889487E+06 0.567039224E-02
 0.795518934E+05 0.402078926E+06 0.623743160E-02
 0.795072210E+05 0.402287412E+06 0.686117490E-02
 0.794581103E+05 0.402516871E+06 0.754729256E-02
 0.794041237E+05 0.402769428E+06 0.830202199E-02
 0.793447807E+05 0.403047423E+06 0.913222439E-02
 0.792795546E+05 0.403353440E+06 0.100454470E-01
 0.792078679E+05 0.403690326E+06 0.110499920E-01
 0.791290873E+05 0.404061226E+06 0.121549915E-01
 0.790425192E+05 0.404469610E+06 0.133704909E-01
 0.789474036E+05 0.404919309E+06 0.147075403E-01
 0.788429087E+05 0.405414555E+06 0.161782947E-01
 0.787281240E+05 0.405960026E+06 0.177961245E-01
 0.786020539E+05 0.406560891E+06 0.195757374E-01
 0.784636099E+05 0.407222870E+06 0.215333116E-01
 0.783116032E+05 0.407952292E+06 0.236866433E-01
 0.781447358E+05 0.408756165E+06 0.260553082E-01
 0.779615924E+05 0.409642256E+06 0.286608396E-01
 0.777606303E+05 0.410619174E+06 0.315269243E-01
 0.775401703E+05 0.411696475E+06 0.346796175E-01
 0.772983861E+05 0.412884771E+06 0.381475800E-01
 0.770332942E+05 0.414195859E+06 0.419623389E-01
 0.767427430E+05 0.415642864E+06 0.461585738E-01
 0.764244022E+05 0.417240410E+06 0.507744323E-01
 0.760757524E+05 0.419004803E+06 0.558518768E-01
 0.756940744E+05 0.420954254E+06 0.614370658E-01
 0.752764400E+05 0.423109127E+06 0.675807738E-01
 0.748197030E+05 0.425492231E+06 0.743388528E-01
 0.743204924E+05 0.428129151E+06 0.817727398E-01
 0.737752070E+05 0.431048642E+06 0.899500158E-01
 0.731800127E+05 0.434283082E+06 0.989450195E-01
 0.725308437E+05 0.437869004E+06 0.108839524E+00
 0.718234070E+05 0.441847728E+06 0.119723479E+00
 0.710531936E+05 0.446266093E+06 0.131695830E+00
 0.702154952E+05 0.451177342E+06 0.144865416E+00
 0.693054295E+05 0.456642166E+06 0.159351961E+00
 0.683179750E+05 0.462729955E+06 0.175287160E+00
 0.672480172E+05 0.469520305E+06 0.192815881E+00
 0.660904078E+05 0.477104837E+06 0.212097473E+00
 0.648400400E+05 0.485589407E+06 0.233307226E+00
 0.634919405E+05 0.495096809E+06 0.256637954E+00
 0.620413814E+05 0.505770090E+06 0.282301755E+00
 0.604840138E+05 0.517776649E+06 0.310531938E+00
 0.588160240E+05 0.531313328E+06 0.341585139E+00
 0.570343146E+05 0.546612785E+06 0.375743661E+00
 0.551367099E+05 0.563951515E+06 0.413318036E+00
 0.531221850E+05 0.583660024E+06 0.454649849E+00
 0.509911163E+05 0.606135818E+06 0.500114845E+00
 0.487455493E+05 0.631860124E+06 0.550126342E+00
 0.463894754E+05 0.661419583E+06 0.605138989E+00
 0.439291099E+05 0.695534633E+06 0.665652902E+00
 0.413731549E+05 0.735096987E+06 0.732218208E+00
 0.387330322E+05 0.781219570E+06 0.805440047E+00
 0.360230632E+05 0.835303754E+06 0.885984070E+00
 0.332605708E+05 0.899130821E+06 0.974582499E+00
 0.304658753E+05 0.974987803E+06 0.107204077E+01
 0.276621554E+05 0.106584269E+07 0.117924487E+01
 0.248751443E+05 0.117559149E+07 0.129716939E+01
 0.221326369E+05 0.130941131E+07 0.142688636E+01
 0.194637924E+05 0.147427232E+07 0.156957503E+01
 0.168982292E+05 0.167969139E+07 0.172653257E+01
 0.144649288E+05 0.193886005E+07 0.189918587E+01
 0.121909883E+05 0.227036208E+07 0.208910450E+01
 0.101002887E+05 0.270083875E+07 0.229801500E+01
 0.821217406E+04 0.326920792E+07 0.252781656E+01
 0.654025887E+04 0.403348847E+07 0.278059827E+01
 0.509149601E+04 0.508209672E+07 0.305865816E+01
 0.386563568E+04 0.655301627E+07 0.336452405E+01
 0.285518322E+04 0.866721162E+07 0.370097654E+01
 0.204591859E+04 0.117885767E+08 0.407107428E+01
 0.141797360E+04 0.165348990E+08 0.447818181E+01
 0.947383727E+03 0.239903034E+08 0.492600009E+01
 0.607952247E+03 0.361271214E+08 0.541860022E+01
 0.373204924E+03 0.566775073E+08 0.596046037E+01
 0.218189098E+03 0.930134745E+08 0.655650655E+01
 0.120894709E+03 0.160396361E+09 0.721215736E+01
 0.631449983E+02 0.292084174E+09 0.793337327E+01
 0.309074930E+02 0.400000000E+09 0.872671079E+01
 0.140851370E+02 0.400000000E+09 0.959938208E+01
 0.100000000E+02 0.400000000E+09 0.105593205E+02
 0.100000000E+02 0.400000000E+09 0.116152528E+02
 0.100000000E+02 0.400000000E+09 0.127767784E+02
 0.100000000E+02 0.400000000E+09 0.140544565E+02
 0.100000000E+02 0.400000000E+09 0.154599025E+02
 0.100000000E+02 0.400000000E+09 0.170058931E+02
 0.100000000E+02 0.400000000E+09 0.187064828E+02
 0.100000000E+02 0.400000000E+09 0.205771316E+02
 0.100000000E+02 0.400000000E+09 0.226348452E+02
 0.100000000E+02 0.400000000E+09 0.248983303E+02
 0.100000000E+02 0.400000000E+09 0.273881639E+02
 0.100000000E+02 0.400000000E+09 0.301269809E+02
 0.100000000E+02 0.400000000E+09 0.331396798E+02
 0.100000000E+02 0.400000000E+09 0.364536485E+02
 0.100000000E+02 0.400000000E+09 0.400990142E+02
 0.100000000E+02 0.400000000E+09 0.441089166E+02
 0.100000000E+02 0.400000000E+09 0.485198093E+02
 0.100000000E+02 0.400000000E+09 0.533717914E+02
 0.100000000E+02 0.400000000E+09 0.587089718E+02
 0.100000000E+02 0.400000000E+09 0.645798704E+02
 0.100000000E+02 0.400000000E+09 0.710378590E+02
 0.100000000E+02 0.400000000E+09 0.781416466E+02
 0.100000000E+02 0.400000000E+09 0.859558131E+02
 0.100000000E+02 0.400000000E+09 0.945513965E+02
 0.100000000E+02 0.400000000E+09 0.104006538E+03
 0.100000000E+02 0.400000000E+09 0.114407195E+03
 0.100000000E+02 0.400000000E+09 0.125847917E+03
 0.100000000E+02 0.400000000E+09 0.138432712E+03
 0.100000000E+02 0.400000000E+09 0.152275986E+03
 0.100000000E+02 0.400000000E+09 0.167503588E+03
 0.100000000E+02 0.400000000E+09 0.184253951E+03
 0.100000000E+02 0.400000000E+09 0.202679351E+03
 0.100000000E+02 0.400000000E+09 0.222947291E+03
 0.100000000E+02 0.400000000E+09 0.245242025E+03
 0.100000000E+02 0.400000000E+09 0.269766233E+03
 0.100000000E+02 0.400000000E+09 0.296742863E+03
 0.100000000E+02 0.400000000E+09 0.326417156E+03
 0.100000000E+02 0.400000000E+09 0.359058880E+03
 0.100000000E+02 0.400000000E+09 0.394964776E+03
 0.100000000E+02 0.400000000E+09 0.434461263E+03
 0.100000000E+02 0.400000000E+09 0.477907400E+03
 0.100000000E+02 0.400000000E+09 0.525698151E+03
 0.100000000E+02 0.400000000E+09 0.578267979E+03
 0.100000000E+02 0.400000000E+09 0.636094791E+03
 0.100000000E+02 0.400000000E+09 0.699704285E+03
 0.100000000E+02 0.400000000E+09 0.769674730E+03
 0.100000000E+02 0.400000000E+09 0.846642222E+03
 0.100000000E+02 0.400000000E+09 0.931306464E+03
 0.100000000E+02 0.400000000E+09 0.102443713E+04
 0.100000000E+02 0.400000000E+09 0.112443713E+04
 0.100000000E+02 0.400000000E+09 0.122443713E+04
 0.100000000E+02 0.400000000E+09 0.132443713E+04
 0.100000000E+02 0.400000000E+09 0.142443713E+04
 0.100000000E+02 0.400000000E+09 0.152443713E+04
 0.100000000E+02 0.400000000E+09 0.162443713E+04
 0.100000000E+02 0.400000000E+09 0.172443713E+04
 0.100000000E+02 0.400000000E+09 0.182443713E+04
 0.100000000E+02 0.400000000E+09 0.192443713E+04
 0.100000000E+02 0.400000000E+09 0.202443713E+04
 0.100000000E+02 0.400000000E+09 0.212443713E+04
 0.100000000E+02 0.400000000E+09 0.222443713E+04
 0.100000000E+02 0.400000000E+09 0.232443713E+04
 0.100000000E+02 0.400000000E+09 0.242443713E+04
 0.100000000E+02 0.400000000E+09 0.252443713E+04
 0.100000000E+02 0.400000000E+09 0.262443713E+04
 0.100000000E+02 0.400000000E+09 0.272443713E+04
 0.100000000E+02 0.400000000E+09 0.282443713E+04
 0.100000000E+02 0.400000000E+09 0.292443713E+04
 0.100000000E+02 0.400000000E+09 0.302443713E+04
 0.100000000E+02 0.400000000E+09 0.312443713E+04
 0.100000000E+02 0.400000000E+09 0.322443713E+04
 0.100000000E+02 0.400000000E+09 0.332443713E+04
 0.100000000E+02 0.400000000E+09 0.342443713E+04
 0.100000000E+02 0.400000000E+09 0.352443713E+04
 0.100000000E+02 0.400000000E+09 0.362443713E+04
 0.100000000E+02 0.400000000E+09 0.372443713E+04
 0.100000000E+02 0.400000000E+09 0.382443713E+04
 0.100000000E+02 0.400000000E+09 0.392443713E+04
 0.100000000E+02 0.400000000E+09 0.402443713E+04
 0.100000000E+02 0.400000000E+09 0.412443713E+04
 0.100000000E+02 0.400000000E+09 0.422443713E+04
 0.100000000E+02 0.400000000E+09 0.432443713E+04
 0.100000000E+02 0.400000000E+09 0.442443713E+04
 0.100000000E+02 0.400000000E+09 0.452443713E+04
 0.100000000E+02 0.400000000E+09 0.462443713E+04
 0.100000000E+02 0.400000000E+09 0.472443713E+04
 0.100000000E+02 0.400000000E+09 0.482443713E+04
 0.100000000E+02 0.400000000E+09 0.492443713E+04
 0.100000000E+02 0.400000000E+09 0.502443713E+04
 0.100000000E+02 0.400000000E+09 0.512443713E+04
 0.100000000E+02 0.400000000E+09 0.522443713E+04
 0.100000000E+02 0.400000000E+09 0.532443713E+04
 0.100000000E+02 0.400000000E+09 0.542443713E+04
 0.100000000E+02 0.400000000E+09 0.552443713E+04
 0.100000000E+02 0.400000000E+09 0.562443713E+04
 0.100000000E+02 0.400000000E+09 0.572443713E+04
 0.100000000E+02 0.400000000E+09 0.582443713E+04
 0.100000000E+02 0.400000000E+09 0.592443713E+04
 0.100000000E+02 0.400000000E+09 0.602443713E+04
 0.100000000E+02 0.400000000E+09 0.612443713E+04
 0.100000000E+02 0.400000000E+09 0.622443713E+04
 0.100000000E+02 0.400000000E+09 0.632443713E+04
 0.100000000E+02 0.400000000E+09 0.642443713E+04
 0.100000000E+02 0.400000000E+09 0.652443713E+04
 0.100000000E+02 0.400000000E+09 0.662443713E+04
 0.100000000E+02 0.400000000E+09 0.672443713E+04
 0.100000000E+02 0.400000000E+09 0.682443713E+04
 0.100000000E+02 0.400000000E+09 0.692443713E+04
 0.100000000E+02 0.400000000E+09 0.702443713E+04
 0.100000000E+02 0.400000000E+09 0.712443713E+04
 0.100000000E+02 0.400000000E+09 0.722443713E+04
 0.100000000E+02 0.400000000E+09 0.732443713E+04
 0.100000000E+02 0.400000000E+09 0.742443713E+04
 0.100000000E+02 0.400000000E+09 0.752443713E+04
 0.100000000E+02 0.400000000E+09 0.762443713E+04
 0.100000000E+02 0.400000000E+09 0.772443713E+04
 0.100000000E+02 0.400000000E+09 0.782443713E+04
 0.100000000E+02 0.400000000E+09 0.792443713E+04
 0.100000000E+02 0.400000000E+09 0.802443713E+04
 0.100000000E+02 0.400000000E+09 0.812443713E+04
 0.100000000E+02 0.400000000E+09 0.822443713E+04
 0.100000000E+02 0.400000000E+09 0.832443713E+04
 0.100000000E+02 0.400000000E+09 0.842443713E+04
 0.100000000E+02 0.400000000E+09 0.852443713E+04
 0.100000000E+02 0.400000000E+09 0.862443713E+04
 0.100000000E+02 0.400000000E+09 0.872443713E+04
 0.100000000E+02 0.400000000E+09 0.882443713E+04
 0.100000000E+02 0.400000000E+09 0.892443713E+04
 0.100000000E+02 0.400000000E+09 0.902443713E+04
 0.100000000E+02 0.400000000E+09 0.912443713E+04
 0.100000000E+02 0.400000000E+09 0.922443713E+04
 0.100000000E+02 0.400000000E+09 0.932443713E+04
 0.100000000E+02 0.400000000E+09 0.942443713E+04
 0.100000000E+02 0.400000000E+09 0.952443713E+04
 0.100000000E+02 0.400000000E+09 0.962443713E+04
 0.100000000E+02 0.400000000E+09 0.972443713E+04
 0.100000000E+02 0.400000000E+09 0.982443713E+04
 0.100000000E+02 0.400000000E+09 0.992443713E+04
 0.100000000E+02 0.400000000E+09 0.100244371E+05
 0.100000000E+02 0.400000000E+09 0.110244371E+05
 0.100000000E+02 0.400000000E+09 0.120244371E+05
 0.100000000E+02 0.400000000E+09 0.130244371E+05
 0.100000000E+02 0.400000000E+09 0.140244371E+05
 0.100000000E+02 0.400000000E+09 0.150244371E+05
 0.100000000E+02 0.400000000E+09 0.160244371E+05
 0.100000000E+02 0.400000000E+09 0.170244371E+05
 0.100000000E+02 0.400000000E+09 0.180244371E+05
 0.100000000E+02 0.400000000E+09 0.190244371E+05
 0.100000000E+02 0.400000000E+09 0.200244371E+05
 0.100000000E+02 0.400000000E+09 0.210244371E+05
 0.100000000E+02 0.400000000E+09 0.220244371E+05
 0.100000000E+02 0.400000000E+09 0.230244371E+05
 0.100000000E+02 0.400000000E+09 0.240244371E+05
 0.100000000E+02 0.400000000E+09 0.250244371E+05
 0.100000000E+02 0.400000000E+09 0.260244371E+05
 0.100000000E+02 0.400000000E+09 0.270244371E+05
 0.100000000E+02 0.400000000E+09 0.280244371E+05
 0.100000000E+02 0.400000000E+09 0.290244371E+05
 0.100000000E+02 0.400000000E+09 0.300244371E+05
 0.100000000E+02 0.400000000E+09 0.310244371E+05
 0.100000000E+02 0.400000000E+09 0.320244371E+05
 0.100000000E+02 0.400000000E+09 0.330244371E+05
 0.100000000E+02 0.400000000E+09 0.340244371E+05
 0.100000000E+02 0.400000000E+09 0.350244371E+05
 0.100000000E+02 0.400000000E+09 0.360244371E+05
 0.100000000E+02 0.400000000E+09 0.370244371E+05
 0.100000000E+02 0.400000000E+09 0.380244371E+05
 0.100000000E+02 0.400000000E+09 0.390244371E+05
 0.100000000E+02 0.400000000E+09 0.400244371E+05
 0.100000000E+02 0.400000000E+09 0.410244371E+05
 0.100000000E+02 0.400000000E+09 0.420244371E+05
 0.100000000E+02 0.400000000E+09 0.430244371E+05
 0.100000000E+02 0.400000000E+09 0.440244371E+05
 0.100000000E+02 0.400000000E+09 0.450244371E+05
 0.100000000E+02 0.400000000E+09 0.460244371E+05
 0.100000000E+02 0.400000000E+09 0.470244371E+05
 0.100000000E+02 0.400000000E+09 0.480244371E+05
 0.100000000E+02 0.400000000E+09 0.490244371E+05
 0.100000000E+02 0.400000000E+09 0.500244371E+05
 0.100000000E+02 0.400000000E+09 0.510244371E+05
 0.100000000E+02 0.400000000E+09 0.520244371E+05
 0.100000000E+02 0.400000000E+09 0.530244371E+05
 0.100000000E+02 0.400000000E+09 0.540244371E+05
 0.100000000E+02 0.400000000E+09 0.550244371E+05
 0.100000000E+02 0.400000000E+09 0.560244371E+05
 0.100000000E+02 0.400000000E+09 0.570244371E+05
 0.100000000E+02 0.400000000E+09 0.580244371E+05
 0.100000000E+02 0.400000000E+09 0.590244371E+05
 0.100000000E+02 0.400000000E+09 0.600244371E+05
 0.100000000E+02 0.400000000E+09 0.610244371E+05
 0.100000000E+02 0.400000000E+09 0.620244371E+05
 0.100000000E+02 0.400000000E+09 0.630244371E+05
 0.100000000E+02 0.400000000E+09 0.640244371E+05
 0.100000000E+02 0.400000000E+09 0.650244371E+05
 0.100000000E+02 0.400000000E+09 0.660244371E+05
 0.100000000E+02 0.400000000E+09 0.670244371E+05
 0.100000000E+02 0.400000000E+09 0.680244371E+05
 0.100000000E+02 0.400000000E+09 0.690244371E+05
 0.100000000E+02 0.400000000E+09 0.700244371E+05
 0.100000000E+02 0.400000000E+09 0.710244371E+05
 0.100000000E+02 0.400000000E+09 0.720244371E+05
 0.100000000E+02 0.400000000E+09 0.730244371E+05
 0.100000000E+02 0.400000000E+09 0.740244371E+05
 0.100000000E+02 0.400000000E+09 0.750244371E+05
 0.100000000E+02 0.400000000E+09 0.760244371E+05
 0.100000000E+02 0.400000000E+09 0.770244371E+05
 0.100000000E+02 0.400000000E+09 0.780244371E+05
 0.100000000E+02 0.400000000E+09 0.790244371E+05
 0.100000000E+02 0.400000000E+09 0.800244371E+05
 0.100000000E+02 0.400000000E+09 0.810244371E+05
 0.100000000E+02 0.400000000E+09 0.820244371E+05
 0.100000000E+02 0.400000000E+09 0.830244371E+05
 0.100000000E+02 0.400000000E+09 0.840244371E+05
 0.100000000E+02 0.400000000E+09 0.850244371E+05
 0.100000000E+02 0.400000000E+09 0.860244371E+05
 0.100000000E+02 0.400000000E+09 0.870244371E+05
 0.100000000E+02 0.400000000E+09 0.880244371E+05
 0.100000000E+02 0.400000000E+09 0.890244371E+05
 0.100000000E+02 0.400000000E+09 0.900244371E+05
 0.100000000E+02 0.400000000E+09 0.910244371E+05
 0.100000000E+02 0.400000000E+09 0.920244371E+05
 0.100000000E+02 0.400000000E+09 0.930244371E+05
 0.100000000E+02 0.400000000E+09 0.940244371E+05
 0.100000000E+02 0.400000000E+09 0.950244371E+05
 0.100000000E+02 0.400000000E+09 0.960244371E+05
 0.100000000E+02 0.400000000E+09 0.970244371E+05
 0.100000000E+02 0.400000000E+09 0.980244371E+05
 0.100000000E+02 0.400000000E+09 0.990244371E+05
 0.100000000E+02 0.400000000E+09 0.100024437E+06
 0.100000000E+02 0.400000000E+09 0.101024437E+06
 0.100000000E+02 0.400000000E+09 0.102024437E+06
 0.100000000E+02 0.400000000E+09 0.103024437E+06
 0.100000000E+02 0.400000000E+09 0.104024437E+06
 0.100000000E+02 0.400000000E+09 0.105024437E+06
 0.100000000E+02 0.400000000E+09 0.106024437E+06
 0.100000000E+02 0.400000000E+09 0.107024437E+06
 0.100000000E+02 0.400000000E+09 0.108024437E+06
 0.100000000E+02 0.400000000E+09 0.109024437E+06
 0.100000000E+02 0.400000000E+09 0.110024437E+06
 0.100000000E+02 0.400000000E+09 0.111024437E+06
 0.100000000E+02 0.400000000E+09 0.112024437E+06
 0.100000000E+02 0.400000000E+09 0.113024437E+06
 0.100000000E+02 0.400000000E+09 0.114024437E+06
 0.100000000E+02 0.400000000E+09 0.115024437E+06
 0.100000000E+02 0.400000000E+09 0.116024437E+06
 0.100000000E+02 0.400000000E+09 0.117024437E+06
 0.100000000E+02 0.400000000E+09 0.118024437E+06
 0.100000000E+02 0.400000000E+09 0.119024437E+06
 0.100000000E+02 0.400000000E+09 0.120024437E+06
 0.100000000E+02 0.400000000E+09 0.121024437E+06
 0.100000000E+02 0.400000000E+09 0.122024437E+06
 0.100000000E+02 0.400000000E+09 0.123024437E+06
 0.100000000E+02 0.400000000E+09 0.124024437E+06
 0.100000000E+02 0.400000000E+09 0.125024437E+06
 0.100000000E+02 0.400000000E+09 0.126024437E+06
 0.100000000E+02 0.400000000E+09 0.127024437E+06
 0.100000000E+02 0.400000000E+09 0.128024437E+06
 0.100000000E+02 0.400000000E+09 0.129024437E+06
 0.100000000E+02 0.400000000E+09 0.130024437E+06
 0.100000000E+02 0.400000000E+09 0.131024437E+06
 0.100000000E+02 0.400000000E+09 0.132024437E+06
 0.100000000E+02 0.400000000E+09 0.133024437E+06
 0.100000000E+02 0.400000000E+09 0.134024437E+06
 0.100000000E+02 0.400000000E+09 0.135024437E+06
 0.100000000E+02 0.400000000E+09 0.136024437E+06
 0.100000000E+02 0.400000000E+09 0.137024437E+06
 0.100000000E+02 0.400000000E+09 0.138024437E+06
 0.100000000E+02 0.400000000E+09 0.139024437E+06
 0.100000000E+02 0.400000000E+09 0.140024437E+06
 0.100000000E+02 0.400000000E+09 0.141024437E+06
 0.100000000E+02 0.400000000E+09 0.142024437E+06
 0.100000000E+02 0.400000000E+09 0.143024437E+06
 0.100000000E+02 0.400000000E+09 0.144024437E+06
 0.100000000E+02 0.400000000E+09 0.145024437E+06
 0.100000000E+02 0.400000000E+09 0.146024437E+06
 0.100000000E+02 0.400000000E+09 0.147024437E+06
 0.100000000E+02 0.400000000E+09 0.148024437E+06
 0.100000000E+02 0.400000000E+09 0.149024437E+06
 0.100000000E+02 0.400000000E+09 0.150024437E+06
 0.100000000E+02 0.400000000E+09 0.151024437E+06
 0.100000000E+02 0.400000000E+09 0.152024437E+06
 0.100000000E+02 0.400000000E+09 0.153024437E+06
 0.100000000E+02 0.400000000E+09 0.154024437E+06
 0.100000000E+02 0.400000000E+09 0.155024437E+06
 0.100000000E+02 0.400000000E+09 0.156024437E+06
 0.100000000E+02 0.400000000E+09 0.157024437E+06
 0.100000000E+02 0.400000000E+09 0.158024437E+06
 0.100000000E+02 0.400000000E+09 0.159024437E+06
 0.100000000E+02 0.400000000E+09 0.160024437E+06
 0.100000000E+02 0.400000000E+09 0.161024437E+06
 0.100000000E+02 0.400000000E+09 0.162024437E+06
 0.100000000E+02 0.400000000E+09 0.163024437E+06
 0.100000000E+02 0.400000000E+09 0.164024437E+06
 0.100000000E+02 0.400000000E+09 0.165024437E+06
 0.100000000E+02 0.400000000E+09 0.166024437E+06
 0.100000000E+02 0.400000000E+09 0.167024437E+06
 0.100000000E+02 0.400000000E+09 0.168024437E+06
 0.100000000E+02 0.400000000E+09 0.169024437E+06
 0.100000000E+02 0.400000000E+09 0.170024437E+06
 0.100000000E+02 0.400000000E+09 0.171024437E+06
 0.100000000E+02 0.400000000E+09 0.172024437E+06
 0.100000000E+02 0.400000000E+09 0.173024437E+06
 0.100000000E+02 0.400000000E+09 0.174024437E+06
 0.100000000E+02 0.400000000E+09 0.175024437E+06
 0.100000000E+02 0.400000000E+09 0.176024437E+06
 0.100000000E+02 0.400000000E+09 0.177024437E+06
 0.100000000E+02 0.400000000E+09 0.178024437E+06
 0.100000000E+02 0.400000000E+09 0.179024437E+06
 0.100000000E+02 0.400000000E+09 0.180024437E+06
 0.100000000E+02 0.400000000E+09 0.181024437E+06
 0.100000000E+02 0.400000000E+09 0.182024437E+06
 0.100000000E+02 0.400000000E+09 0.183024437E+06
 0.100000000E+02 0.400000000E+09 0.184024437E+06
 0.100000000E+02 0.400000000E+09 0.185024437E+06
 0.100000000E+02 0.400000000E+09 0.186024437E+06
 0.100000000E+02 0.400000000E+09 0.187024437E+06
 0.100000000E+02 0.400000000E+09 0.188024437E+06
 0.100000000E+02 0.400000000E+09 0.189024437E+06
 0.100000000E+02 0.400000000E+09 0.190024437E+06
 0.100000000E+02 0.400000000E+09 0.191024437E+06
 0.100000000E+02 0.400000000E+09 0.192024437E+06
 0.100000000E+02 0.400000000E+09 0.193024437E+06
 0.100000000E+02 0.400000000E+09 0.194024437E+06
 0.100000000E+02 0.400000000E+09 0.195024437E+06
 0.100000000E+02 0.400000000E+09 0.196024437E+06
 0.100000000E+02 0.400000000E+09 0.197024437E+06
 0.100000000E+02 0.400000000E+09 0.198024437E+06
 0.100000000E+02 0.400000000E+09 0.199024437E+06
 0.100000000E+02 0.400000000E+09 0.200024437E+06
 0.100000000E+02 0.400000000E+09 0.201024437E+06
 0.100000000E+02 0.400000000E+09 0.202024437E+06
 0.100000000E+02 0.400000000E+09 0.203024437E+06
 0.100000000E+02 0.400000000E+09 0.204024437E+06
 0.100000000E+02 0.400000000E+09 0.205024437E+06
 0.100000000E+02 0.400000000E+09 0.206024437E+06
 0.100000000E+02 0.400000000E+09 0.207024437E+06
 0.100000000E+02 0.400000000E+09 0.208024437E+06
 0.100000000E+02 0.400000000E+09 0.209024437E+06
 0.100000000E+02 0.400000000E+09 0.210024437E+06
 0.100000000E+02 0.400000000E+09 0.211024437E+06
 0.100000000E+02 0.400000000E+09 0.212024437E+06
 0.100000000E+02 0.400000000E+09 0.213024437E+06
 0.100000000E+02 0.400000000E+09 0.214024437E+06
 0.100000000E+02 0.400000000E+09 0.215024437E+06
 0.100000000E+02 0.400000000E+09 0.216024437E+06
 0.100000000E+02 0.400000000E+09 0.217024437E+06
 0.100000000E+02 0.400000000E+09 0.218024437E+06
 0.100000000E+02 0.400000000E+09 0.219024437E+06
 0.100000000E+02 0.400000000E+09 0.220024437E+06
 0.100000000E+02 0.400000000E+09 0.221024437E+06
 0.100000000E+02 0.400000000E+09 0.222024437E+06
 0.100000000E+02 0.400000000E+09 0.223024437E+06
 0.100000000E+02 0.400000000E+09 0.224024437E+06
 0.100000000E+02 0.400000000E+09 0.225024437E+06
 0.100000000E+02 0.400000000E+09 0.226024437E+06
 0.100000000E+02 0.400000000E+09 0.227024437E+06
 0.100000000E+02 0.400000000E+09 0.228024437E+06
 0.100000000E+02 0.400000000E+09 0.229024437E+06
 0.100000000E+02 0.400000000E+09 0.230024437E+06
 0.100000000E+02 0.400000000E+09 0.231024437E+06
 0.100000000E+02 0.400000000E+09 0.232024437E+06
 0.100000000E+02 0.400000000E+09 0.233024437E+06
 0.100000000E+02 0.400000000E+09 0.234024437E+06
 0.100000000E+02 0.400000000E+09 0.235024437E+06
 0.100000000E+02 0.400000000E+09 0.236024437E+06
 0.100000000E+02 0.400000000E+09 0.237024437E+06
 0.100000000E+02 0.400000000E+09 0.238024437E+06
 0.100000000E+02 0.400000000E+09 0.239024437E+06
 0.100000000E+02 0.400000000E+09 0.240024437E+06
 0.100000000E+02 0.400000000E+09 0.241024437E+06
 0.100000000E+02 0.400000000E+09 0.242024437E+06
 0.100000000E+02 0.400000000E+09 0.243024437E+06
 0.100000000E+02 0.400000000E+09 0.244024437E+06
 0.100000000E+02 0.400000000E+09 0.245024437E+06
 0.100000000E+02 0.400000000E+09 0.246024437E+06
 0.100000000E+02 0.400000000E+09 0.247024437E+06
 0.100000000E+02 0.400000000E+09 0.248024437E+06
 0.100000000E+02 0.400000000E+09 0.249024437E+06
 0.100000000E+02 0.400000000E+09 0.250024437E+06
 0.100000000E+02 0.400000000E+09 0.251024437E+06
 0.100000000E+02 0.400000000E+09 0.252024437E+06
 0.100000000E+02 0.400000000E+09 0.253024437E+06
 0.100000000E+02 0.400000000E+09 0.254024437E+06
 0.100000000E+02 0.400000000E+09 0.255024437E+06
 0.100000000E+02 0.400000000E+09 0.256024437E+06
 0.100000000E+02 0.400000000E+09 0.257024437E+06
 0.100000000E+02 0.400000000E+09 0.258024437E+06
 0.100000000E+02 0.400000000E+09 0.259024437E+06
 0.100000000E+02 0.400000000E+09 0.260024437E+06
 0.100000000E+02 0.400000000E+09 0.261024437E+06
 0.100000000E+02 0.400000000E+09 0.262024437E+06
 0.100000000E+02 0.400000000E+09 0.263024437E+06
 0.100000000E+02 0.400000000E+09 0.264024437E+06
 0.100000000E+02 0.400000000E+09 0.265024437E+06
 0.100000000E+02 0.400000000E+09 0.266024437E+06
 0.100000000E+02 0.400000000E+09 0.267024437E+06
 0.100000000E+02 0.400000000E+09 0.268024437E+06
 0.100000000E+02 0.400000000E+09 0.269024437E+06
 0.100000000E+02 0.400000000E+09 0.270024437E+06
 0.100000000E+02 0.400000000E+09 0.271024437E+06
 0.100000000E+02 0.400000000E+09 0.272024437E+06
 0.100000000E+02 0.400000000E+09 0.273024437E+06
 0.100000000E+02 0.400000000E+09 0.274024437E+06
 0.100000000E+02 0.400000000E+09 0.275024437E+06
 0.100000000E+02 0.400000000E+09 0.276024437E+06
 0.100000000E+02 0.400000000E+09 0.277024437E+06
 0.100000000E+02 0.400000000E+09 0.278024437E+06
 0.100000000E+02 0.400000000E+09 0.279024437E+06
 0.100000000E+02 0.400000000E+09 0.280024437E+06
 0.100000000E+02 0.400000000E+09 0.281024437E+06
 0.100000000E+02 0.400000000E+09 0.282024437E+06
 0.100000000E+02 0.400000000E+09 0.283024437E+06
 0.100000000E+02 0.400000000E+09 0.284024437E+06
 0.100000000E+02 0.400000000E+09 0.285024437E+06
 0.100000000E+02 0.400000000E+09 0.286024437E+06
 0.100000000E+02 0.400000000E+09 0.287024437E+06
 0.100000000E+02 0.400000000E+09 0.288024437E+06
 0.100000000E+02 0.400000000E+09 0.289024437E+06
 0.100000000E+02 0.400000000E+09 0.290024437E+06
 0.100000000E+02 0.400000000E+09 0.291024437E+06
 0.100000000E+02 0.400000000E+09 0.292024437E+06
 0.100000000E+02 0.400000000E+09 0.293024437E+06
 0.100000000E+02 0.400000000E+09 0.294024437E+06
 0.100000000E+02 0.400000000E+09 0.295024437E+06
 0.100000000E+02 0.400000000E+09 0.296024437E+06
 0.100000000E+02 0.400000000E+09 0.297024437E+06
 0.100000000E+02 0.400000000E+09 0.298024437E+06
 0.100000000E+02 0.400000000E+09 0.299024437E+06
 0.100000000E+02 0.400000000E+09 0.300024437E+06
 0.100000000E+02 0.400000000E+09 0.301024437E+06
 0.100000000E+02 0.400000000E+09 0.302024437E+06
 0.100000000E+02 0.400000000E+09 0.303024437E+06
 0.100000000E+02 0.400000000E+09 0.304024437E+06
 0.100000000E+02 0.400000000E+09 0.305024437E+06
 0.100000000E+02 0.400000000E+09 0.306024437E+06
 0.100000000E+02 0.400000000E+09 0.307024437E+06
 0.100000000E+02 0.400000000E+09 0.308024437E+06
 0.100000000E+02 0.400000000E+09 0.309024437E+06
 0.100000000E+02 0.400000000E+09 0.310024437E+06
 0.100000000E+02 0.400000000E+09 0.311024437E+06
 0.100000000E+02 0.400000000E+09 0.312024437E+06
 0.100000000E+02 0.400000000E+09 0.313024437E+06
 0.100000000E+02 0.400000000E+09 0.314024437E+06
 0.100000000E+02 0.400000000E+09 0.315024437E+06
 0.100000000E+02 0.400000000E+09 0.316024437E+06
 0.100000000E+02 0.400000000E+09 0.317024437E+06
 0.100000000E+02 0.400000000E+09 0.318024437E+06
 0.100000000E+02 0.400000000E+09 0.319024437E+06
 0.100000000E+02 0.400000000E+09 0.320024437E+06
 0.100000000E+02 0.400000000E+09 0.321024437E+06
 0.100000000E+02 0.400000000E+09 0.322024437E+06
 0.100000000E+02 0.400000000E+09 0.323024437E+06
 0.100000000E+02 0.400000000E+09 0.324024437E+06
 0.100000000E+02 0.400000000E+09 0.325024437E+06
 0.100000000E+02 0.400000000E+09 0.326024437E+06
 0.100000000E+02 0.400000000E+09 0.327024437E+06
 0.100000000E+02 0.400000000E+09 0.328024437E+06
 0.100000000E+02 0.400000000E+09 0.329024437E+06
 0.100000000E+02 0.400000000E+09 0.330024437E+06
 0.100000000E+02 0.400000000E+09 0.331024437E+06
 0.100000000E+02 0.400000000E+09 0.332024437E+06
 0.100000000E+02 0.400000000E+09 0.333024437E+06
 0.100000000E+02 0.400000000E+09 0.334024437E+06
 0.100000000E+02 0.400000000E+09 0.335024437E+06
 0.100000000E+02 0.400000000E+09 0.336024437E+06
 0.100000000E+02 0.400000000E+09 0.337024437E+06
 0.100000000E+02 0.400000000E+09 0.338024437E+06
 0.100000000E+02 0.400000000E+09 0.339024437E+06
 0.100000000E+02 0.400000000E+09 0.340024437E+06
 0.100000000E+02 0.400000000E+09 0.341024437E+06
 0.100000000E+02 0.400000000E+09 0.342024437E+06
 0.100000000E+02 0.400000000E+09 0.343024437E+06
 0.100000000E+02 0.400000000E+09 0.344024437E+06
 0.100000000E+02 0.400000000E+09 0.345024437E+06
 0.100000000E+02 0.400000000E+09 0.346024437E+06
 0.100000000E+02 0.400000000E+09 0.347024437E+06
 0.100000000E+02 0.400000000E+09 0.348024437E+06
 0.100000000E+02 0.400000000E+09 0.349024437E+06
 0.100000000E+02 0.400000000E+09 0.350024437E+06
 0.100000000E+02 0.400000000E+09 0.351024437E+06
 0.100000000E+02 0.400000000E+09 0.352024437E+06
 0.100000000E+02 0.400000000E+09 0.353024437E+06
 0.100000000E+02 0.400000000E+09 0.354024437E+06
 0.100000000E+02 0.400000000E+09 0.355024437E+06
 0.100000000E+02 0.400000000E+09 0.356024437E+06
 0.100000000E+02 0.400000000E+09 0.357024437E+06
 0.100000000E+02 0.400000000E+09 0.358024437E+06
 0.100000000E+02 0.400000000E+09 0.359024437E+06
 0.100000000E+02 0.400000000E+09 0.360024437E+06
 0.100000000E+02 0.400000000E+09 0.361024437E+06
 0.100000000E+02 0.400000000E+09 0.362024437E+06
 0.100000000E+02 0.400000000E+09 0.363024437E+06
 0.100000000E+02 0.400000000E+09 0.364024437E+06
 0.100000000E+02 0.400000000E+09 0.365024437E+06
 0.100000000E+02 0.400000000E+09 0.366024437E+06
 0.100000000E+02 0.400000000E+09 0.367024437E+06
 0.100000000E+02 0.400000000E+09 0.368024437E+06
 0.100000000E+02 0.400000000E+09 0.369024437E+06
 0.100000000E+02 0.400000000E+09 0.370024437E+06
 0.100000000E+02 0.400000000E+09 0.371024437E+06
 0.100000000E+02 0.400000000E+09 0.372024437E+06
 0.100000000E+02 0.400000000E+09 0.373024437E+06
 0.100000000E+02 0.400000000E+09 0.374024437E+06
 0.100000000E+02 0.400000000E+09 0.375024437E+06
 0.100000000E+02 0.400000000E+09 0.376024437E+06
 0.100000000E+02 0.400000000E+09 0.377024437E+06
 0.100000000E+02 0.400000000E+09 0.378024437E+06
 0.100000000E+02 0.400000000E+09 0.379024437E+06
 0.100000000E+02 0.400000000E+09 0.380024437E+06
 0.100000000E+02 0.400000000E+09 0.381024437E+06
 0.100000000E+02 0.400000000E+09 0.382024437E+06
 0.100000000E+02 0.400000000E+09 0.383024437E+06
 0.100000000E+02 0.400000000E+09 0.384024437E+06
 0.100000000E+02 0.400000000E+09 0.385024437E+06
 0.100000000E+02 0.400000000E+09 0.386024437E+06
 0.100000000E+02 0.400000000E+09 0.387024437E+06
 0.100000000E+02 0.400000000E+09 0.388024437E+06
 0.100000000E+02 0.400000000E+09 0.389024437E+06
 0.100000000E+02 0.400000000E+09 0.390024437E+06
 0.100000000E+02 0.400000000E+09 0.391024437E+06
 0.100000000E+02 0.400000000E+09 0.392024437E+06
 0.100000000E+02 0.400000000E+09 0.393024437E+06
 0.100000000E+02 0.400000000E+09 0.394024437E+06
 0.100000000E+02 0.400000000E+09 0.395024437E+06
 0.100000000E+02 0.400000000E+09 0.396024437E+06
 0.100000000E+02 0.400000000E+09 0.397024437E+06
 0.100000000E+02 0.400000000E+09 0.398024437E+06
 0.100000000E+02 0.400000000E+09 0.399024437E+06
 0.100000000E+02 0.400000000E+09 0.400024437E+06
 0.100000000E+02 0.400000000E+09 0.401024437E+06
 0.100000000E+02 0.400000000E+09 0.402024437E+06
 0.100000000E+02 0.400000000E+09 0.403024437E+06
 0.100000000E+02 0.400000000E+09 0.404024437E+06
 0.100000000E+02 0.400000000E+09 0.405024437E+06
 0.100000000E+02 0.400000000E+09 0.406024437E+06
 0.100000000E+02 0.400000000E+09 0.407024437E+06
 0.100000000E+02 0.400000000E+09 0.408024437E+06
 0.100000000E+02 0.400000000E+09 0.409024437E+06
 0.100000000E+02 0.400000000E+09 0.410024437E+06
 0.100000000E+02 0.400000000E+09 0.411024437E+06
 0.100000000E+02 0.400000000E+09 0.412024437E+06
 0.100000000E+02 0.400000000E+09 0.413024437E+06
 0.100000000E+02 0.400000000E+09 0.414024437E+06
 0.100000000E+02 0.400000000E+09 0.415024437E+06
 0.100000000E+02 0.400000000E+09 0.416024437E+06
 0.100000000E+02 0.400000000E+09 0.417024437E+06
 0.100000000E+02 0.400000000E+09 0.418024437E+06
 0.100000000E+02 0.400000000E+09 0.419024437E+06
 0.100000000E+02 0.400000000E+09 0.420024437E+06
 0.100000000E+02 0.400000000E+09 0.421024437E+06
 0.100000000E+02 0.400000000E+09 0.422024437E+06
 0.100000000E+02 0.400000000E+09 0.423024437E+06
 0.100000000E+02 0.400000000E+09 0.424024437E+06
 0.100000000E+02 0.400000000E+09 0.425024437E+06
 0.100000000E+02 0.400000000E+09 0.426024437E+06
 0.100000000E+02 0.400000000E+09 0.427024437E+06
 0.100000000E+02 0.400000000E+09 0.428024437E+06
 0.100000000E+02 0.400000000E+09 0.429024437E+06
 0.100000000E+02 0.400000000E+09 0.430024437E+06
 0.100000000E+02 0.400000000E+09 0.431024437E+06
 0.100000000E+02 0.400000000E+09 0.432024437E+06
 0.100000000E+02 0.400000000E+09 0.433024437E+06
 0.100000000E+02 0.400000000E+09 0.434024437E+06
 0.100000000E+02 0.400000000E+09 0.435024437E+06
 0.100000000E+02 0.400000000E+09 0.436024437E+06
 0.100000000E+02 0.400000000E+09 0.437024437E+06
 0.100000000E+02 0.400000000E+09 0.438024437E+06
 0.100000000E+02 0.400000000E+09 0.439024437E+06
 0.100000000E+02 0.400000000E+09 0.440024437E+06
 0.100000000E+02 0.400000000E+09 0.441024437E+06
 0.100000000E+02 0.400000000E+09 0.442024437E+06
 0.100000000E+02 0.400000000E+09 0.443024437E+06
 0.100000000E+02 0.400000000E+09 0.444024437E+06
 0.100000000E+02 0.400000000E+09 0.445024437E+06
 0.100000000E+02 0.400000000E+09 0.446024437E+06
 0.100000000E+02 0.400000000E+09 0.447024437E+06
 0.100000000E+02 0.400000000E+09 0.448024437E+06
 0.100000000E+02 0.400000000E+09 0.449024437E+06
 0.100000000E+02 0.400000000E+09 0.450024437E+06
 0.100000000E+02 0.400000000E+09 0.451024437E+06
 0.100000000E+02 0.400000000E+09 0.452024437E+06
 0.100000000E+02 0.400000000E+09 0.453024437E+06
 0.100000000E+02 0.400000000E+09 0.454024437E+06
 0.100000000E+02 0.400000000E+09 0.455024437E+06
 0.100000000E+02 0.400000000E+09 0.456024437E+06
 0.100000000E+02 0.400000000E+09 0.457024437E+06
 0.100000000E+02 0.400000000E+09 0.458024437E+06
 0.100000000E+02 0.400000000E+09 0.459024437E+06
 0.100000000E+02 0.400000000E+09 0.460024437E+06
 0.100000000E+02 0.400000000E+09 0.461024437E+06
 0.100000000E+02 0.400000000E+09 0.462024437E+06
 0.100000000E+02 0.400000000E+09 0.463024437E+06
 0.100000000E+02 0.400000000E+09 0.464024437E+06
 0.100000000E+02 0.400000000E+09 0.465024437E+06
 0.100000000E+02 0.400000000E+09 0.466024437E+06
 0.100000000E+02 0.400000000E+09 0.467024437E+06
 0.100000000E+02 0.400000000E+09 0.468024437E+06
 0.100000000E+02 0.400000000E+09 0.469024437E+06
 0.100000000E+02 0.400000000E+09 0.470024437E+06
 0.100000000E+02 0.400000000E+09 0.471024437E+06
 0.100000000E+02 0.400000000E+09 0.472024437E+06
 0.100000000E+02 0.400000000E+09 0.473024437E+06
 0.100000000E+02 0.400000000E+09 0.474024437E+06
 0.100000000E+02 0.400000000E+09 0.475024437E+06
 0.100000000E+02 0.400000000E+09 0.476024437E+06
 0.100000000E+02 0.400000000E+09 0.477024437E+06
 0.100000000E+02 0.400000000E+09 0.478024437E+06
 0.100000000E+02 0.400000000E+09 0.479024437E+06
 0.100000000E+02 0.400000000E+09 0.480024437E+06
 0.100000000E+02 0.400000000E+09 0.481024437E+06
 0.100000000E+02 0.400000000E+09 0.482024437E+06
 0.100000000E+02 0.400000000E+09 0.483024437E+06
 0.100000000E+02 0.400000000E+09 0.484024437E+06
 0.100000000E+02 0.400000000E+09 0.485024437E+06
 0.100000000E+02 0.400000000E+09 0.486024437E+06
 0.100000000E+02 0.400000000E+09 0.487024437E+06
 0.100000000E+02 0.400000000E+09 0.488024437E+06
 0.100000000E+02 0.400000000E+09 0.489024437E+06
 0.100000000E+02 0.400000000E+09 0.490024437E+06
 0.100000000E+02 0.400000000E+09 0.491024437E+06
 0.100000000E+02 0.400000000E+09 0.492024437E+06
 0.100000000E+02 0.400000000E+09 0.493024437E+06
 0.100000000E+02 0.400000000E+09 0.494024437E+06
 0.100000000E+02 0.400000000E+09 0.495024437E+06
 0.100000000E+02 0.400000000E+09 0.496024437E+06
 0.100000000E+02 0.400000000E+09 0.497024437E+06
 0.100000000E+02 0.400000000E+09 0.498024437E+06
 0.100000000E+02 0.400000000E+09 0.499024437E+06
 0.100000000E+02 0.400000000E+09 0.500024437E+06
 0.100000000E+02 0.400000000E+09 0.501024437E+06
 0.100000000E+02 0.400000000E+09 0.502024437E+06
 0.100000000E+02 0.400000000E+09 0.503024437E+06
 0.100000000E+02 0.400000000E+09 0.504024437E+06
 0.100000000E+02 0.400000000E+09 0.505024437E+06
 0.100000000E+02 0.400000000E+09 0.506024437E+06
 0.100000000E+02 0.400000000E+09 0.507024437E+06
 0.100000000E+02 0.400000000E+09 0.508024437E+06
 0.100000000E+02 0.400000000E+09 0.509024437E+06
 0.100000000E+02 0.400000000E+09 0.510024437E+06
 0.100000000E+02 0.400000000E+09 0.511024437E+06
 0.100000000E+02 0.400000000E+09 0.512024437E+06
 0.100000000E+02 0.400000000E+09 0.513024437E+06
 0.100000000E+02 0.400000000E+09 0.514024437E+06
 0.100000000E+02 0.400000000E+09 0.515024437E+06
 0.100000000E+02 0.400000000E+09 0.516024437E+06
 0.100000000E+02 0.400000000E+09 0.517024437E+06
 0.100000000E+02 0.400000000E+09 0.518024437E+06
 0.100000000E+02 0.400000000E+09 0.519024437E+06
 0.100000000E+02 0.400000000E+09 0.520024437E+06
 0.100000000E+02 0.400000000E+09 0.521024437E+06
 0.100000000E+02 0.400000000E+09 0.522024437E+06
 0.100000000E+02 0.400000000E+09 0.523024437E+06
 0.100000000E+02 0.400000000E+09 0.524024437E+06
 0.100000000E+02 0.400000000E+09 0.525024437E+06
 0.100000000E+02 0.400000000E+09 0.526024437E+06
 0.100000000E+02 0.400000000E+09 0.527024437E+06
 0.100000000E+02 0.400000000E+09 0.528024437E+06
 0.100000000E+02 0.400000000E+09 0.529024437E+06
 0.100000000E+02 0.400000000E+09 0.530024437E+06
 0.100000000E+02 0.400000000E+09 0.531024437E+06
 0.100000000E+02 0.400000000E+09 0.532024437E+06
 0.100000000E+02 0.400000000E+09 0.533024437E+06
 0.100000000E+02 0.400000000E+09 0.534024437E+06
 0.100000000E+02 0.400000000E+09 0.535024437E+06
 0.100000000E+02 0.400000000E+09 0.536024437E+06
 0.100000000E+02 0.400000000E+09 0.537024437E+06
 0.100000000E+02 0.400000000E+09 0.538024437E+06
 0.100000000E+02 0.400000000E+09 0.539024437E+06
 0.100000000E+02 0.400000000E+09 0.540024437E+06
 0.100000000E+02 0.400000000E+09 0.541024437E+06
 0.100000000E+02 0.400000000E+09 0.542024437E+06
 0.100000000E+02 0.400000000E+09 0.543024437E+06
 0.100000000E+02 0.400000000E+09 0.544024437E+06
 0.100000000E+02 0.400000000E+09 0.545024437E+06
 0.100000000E+02 0.400000000E+09 0.546024437E+06
 0.100000000E+02 0.400000000E+09 0.547024437E+06
 0.100000000E+02 0.400000000E+09 0.548024437E+06
 0.100000000E+02 0.400000000E+09 0.549024437E+06
 0.100000000E+02 0.400000000E+09 0.550024437E+06
 0.100000000E+02 0.400000000E+09 0.551024437E+06
 0.100000000E+02 0.400000000E+09 0.552024437E+06
 0.100000000E+02 0.400000000E+09 0.553024437E+06
 0.100000000E+02 0.400000000E+09 0.554024437E+06
 0.100000000E+02 0.400000000E+09 0.555024437E+06
 0.100000000E+02 0.400000000E+09 0.556024437E+06
 0.100000000E+02 0.400000000E+09 0.557024437E+06
 0.100000000E+02 0.400000000E+09 0.558024437E+06
 0.100000000E+02 0.400000000E+09 0.559024437E+06
 0.100000000E+02 0.400000000E+09 0.560024437E+06
 0.100000000E+02 0.400000000E+09 0.561024437E+06
 0.100000000E+02 0.400000000E+09 0.562024437E+06
 0.100000000E+02 0.400000000E+09 0.563024437E+06
 0.100000000E+02 0.400000000E+09 0.564024437E+06
 0.100000000E+02 0.400000000E+09 0.565024437E+06
 0.100000000E+02 0.400000000E+09 0.566024437E+06
 0.100000000E+02 0.400000000E+09 0.567024437E+06
 0.100000000E+02 0.400000000E+09 0.568024437E+06
 0.100000000E+02 0.400000000E+09 0.569024437E+06
 0.100000000E+02 0.400000000E+09 0.570024437E+06
 0.100000000E+02 0.400000000E+09 0.571024437E+06
 0.100000000E+02 0.400000000E+09 0.572024437E+06
 0.100000000E+02 0.400000000E+09 0.573024437E+06
 0.100000000E+02 0.400000000E+09 0.574024437E+06
 0.100000000E+02 0.400000000E+09 0.575024437E+06
 0.100000000E+02 0.400000000E+09 0.576024437E+06
 0.100000000E+02 0.400000000E+09 0.577024437E+06
 0.100000000E+02 0.400000000E+09 0.578024437E+06
 0.100000000E+02 0.400000000E+09 0.579024437E+06
 0.100000000E+02 0.400000000E+09 0.580024437E+06
 0.100000000E+02 0.400000000E+09 0.581024437E+06
 0.100000000E+02 0.400000000E+09 0.582024437E+06
 0.100000000E+02 0.400000000E+09 0.583024437E+06
 0.100000000E+02 0.400000000E+09 0.584024437E+06
 0.100000000E+02 0.400000000E+09 0.585024437E+06
 0.100000000E+02 0.400000000E+09 0.586024437E+06
 0.100000000E+02 0.400000000E+09 0.587024437E+06
 0.100000000E+02 0.400000000E+09 0.588024437E+06
 0.100000000E+02 0.400000000E+09 0.589024437E+06
 0.100000000E+02 0.400000000E+09 0.590024437E+06
 0.100000000E+02 0.400000000E+09 0.591024437E+06
 0.100000000E+02 0.400000000E+09 0.592024437E+06
 0.100000000E+02 0.400000000E+09 0.593024437E+06
 0.100000000E+02 0.400000000E+09 0.594024437E+06
 0.100000000E+02 0.400000000E+09 0.595024437E+06
 0.100000000E+02 0.400000000E+09 0.596024437E+06
 0.100000000E+02 0.400000000E+09 0.597024437E+06
 0.100000000E+02 0.400000000E+09 0.598024437E+06
 0.100000000E+02 0.400000000E+09 0.599024437E+06
 0.100000000E+02 0.400000000E+09 0.600024437E+06
 0.100000000E+02 0.400000000E+09 0.601024437E+06
 0.100000000E+02 0.400000000E+09 0.602024437E+06
 0.100000000E+02 0.400000000E+09 0.603024437E+06
 0.100000000E+02 0.400000000E+09 0.604024437E+06
 0.100000000E+02 0.400000000E+09 0.605024437E+06
 0.100000000E+02 0.400000000E+09 0.606024437E+06
 0.100000000E+02 0.400000000E+09 0.607024437E+06
 0.100000000E+02 0.400000000E+09 0.608024437E+06
 0.100000000E+02 0.400000000E+09 0.609024437E+06
 0.100000000E+02 0.400000000E+09 0.610024437E+06
 0.100000000E+02 0.400000000E+09 0.611024437E+06
 0.100000000E+02 0.400000000E+09 0.612024437E+06
 0.100000000E+02 0.400000000E+09 0.613024437E+06
 0.100000000E+02 0.400000000E+09 0.614024437E+06
 0.100000000E+02 0.400000000E+09 0.615024437E+06
 0.100000000E+02 0.400000000E+09 0.616024437E+06
 0.100000000E+02 0.400000000E+09 0.617024437E+06
 0.100000000E+02 0.400000000E+09 0.618024437E+06
 0.100000000E+02 0.400000000E+09 0.619024437E+06
 0.100000000E+02 0.400000000E+09 0.620024437E+06
 0.100000000E+02 0.400000000E+09 0.621024437E+06
 0.100000000E+02 0.400000000E+09 0.622024437E+06
 0.100000000E+02 0.400000000E+09 0.623024437E+06
 0.100000000E+02 0.400000000E+09 0.624024437E+06
 0.100000000E+02 0.400000000E+09 0.625024437E+06
 0.100000000E+02 0.400000000E+09 0.626024437E+06
 0.100000000E+02 0.400000000E+09 0.627024437E+06
 0.100000000E+02 0.400000000E+09 0.628024437E+06
 0.100000000E+02 0.400000000E+09 0.629024437E+06
 0.100000000E+02 0.400000000E+09 0.630024437E+06
 0.100000000E+02 0.400000000E+09 0.631024437E+06
 0.100000000E+02 0.400000000E+09 0.632024437E+06
 0.100000000E+02 0.400000000E+09 0.633024437E+06
 0.100000000E+02 0.400000000E+09 0.634024437E+06
 0.100000000E+02 0.400000000E+09 0.635024437E+06
 0.100000000E+02 0.400000000E+09 0.636024437E+06
 0.100000000E+02 0.400000000E+09 0.637024437E+06
 0.100000000E+02 0.400000000E+09 0.638024437E+06
 0.100000000E+02 0.400000000E+09 0.639024437E+06
 0.100000000E+02 0.400000000E+09 0.640024437E+06
 0.100000000E+02 0.400000000E+09 0.641024437E+06
 0.100000000E+02 0.400000000E+09 0.642024437E+06
 0.100000000E+02 0.400000000E+09 0.643024437E+06
 0.100000000E+02 0.400000000E+09 0.644024437E+06
 0.100000000E+02 0.400000000E+09 0.645024437E+06
 0.100000000E+02 0.400000000E+09 0.646024437E+06
 0.100000000E+02 0.400000000E+09 0.647024437E+06
 0.100000000E+02 0.400000000E+09 0.648024437E+06
 0.100000000E+02 0.400000000E+09 0.649024437E+06
 0.100000000E+02 0.400000000E+09 0.650024437E+06
 0.100000000E+02 0.400000000E+09 0.651024437E+06
 0.100000000E+02 0.400000000E+09 0.652024437E+06
 0.100000000E+02 0.400000000E+09 0.653024437E+06
 0.100000000E+02 0.400000000E+09 0.654024437E+06
 0.100000000E+02 0.400000000E+09 0.655024437E+06
 0.100000000E+02 0.400000000E+09 0.656024437E+06
 0.100000000E+02 0.400000000E+09 0.657024437E+06
 0.100000000E+02 0.400000000E+09 0.658024437E+06
 0.100000000E+02 0.400000000E+09 0.659024437E+06
 0.100000000E+02 0.400000000E+09 0.660024437E+06
 0.100000000E+02 0.400000000E+09 0.661024437E+06
 0.100000000E+02 0.400000000E+09 0.662024437E+06
 0.100000000E+02 0.400000000E+09 0.663024437E+06
 0.100000000E+02 0.400000000E+09 0.664024437E+06
 0.100000000E+02 0.400000000E+09 0.665024437E+06
 0.100000000E+02 0.400000000E+09 0.666024437E+06
 0.100000000E+02 0.400000000E+09 0.667024437E+06
 0.100000000E+02 0.400000000E+09 0.668024437E+06
 0.100000000E+02 0.400000000E+09 0.669024437E+06
 0.100000000E+02 0.400000000E+09 0.670024437E+06
 0.100000000E+02 0.400000000E+09 0.671024437E+06
 0.100000000E+02 0.400000000E+09 0.672024437E+06
 0.100000000E+02 0.400000000E+09 0.673024437E+06
 0.100000000E+02 0.400000000E+09 0.674024437E+06
 0.100000000E+02 0.400000000E+09 0.675024437E+06
 0.100000000E+02 0.400000000E+09 0.676024437E+06
 0.100000000E+02 0.400000000E+09 0.677024437E+06
 0.100000000E+02 0.400000000E+09 0.678024437E+06
 0.100000000E+02 0.400000000E+09 0.679024437E+06
 0.100000000E+02 0.400000000E+09 0.680024437E+06
 0.100000000E+02 0.400000000E+09 0.681024437E+06
 0.100000000E+02 0.400000000E+09 0.682024437E+06
 0.100000000E+02 0.400000000E+09 0.683024437E+06
 0.100000000E+02 0.400000000E+09 0.684024437E+06
 0.100000000E+02 0.400000000E+09 0.685024437E+06
 0.100000000E+02 0.400000000E+09 0.686024437E+06
 0.100000000E+02 0.400000000E+09 0.687024437E+06
 0.100000000E+02 0.400000000E+09 0.688024437E+06
 0.100000000E+02 0.400000000E+09 0.689024437E+06
 0.100000000E+02 0.400000000E+09 0.690024437E+06
 0.100000000E+02 0.400000000E+09 0.691024437E+06
 0.100000000E+02 0.400000000E+09 0.692024437E+06
 0.100000000E+02 0.400000000E+09 0.693024437E+06
 0.100000000E+02 0.400000000E+09 0.694024437E+06
 0.100000000E+02 0.400000000E+09 0.695024437E+06
 0.100000000E+02 0.400000000E+09 0.696024437E+06
 0.100000000E+02 0.400000000E+09 0.697024437E+06
 0.100000000E+02 0.400000000E+09 0.698024437E+06
 0.100000000E+02 0.400000000E+09 0.699024437E+06
 0.100000000E+02 0.400000000E+09 0.700024437E+06
 0.100000000E+02 0.400000000E+09 0.701024437E+06
 0.100000000E+02 0.400000000E+09 0.702024437E+06
 0.100000000E+02 0.400000000E+09 0.703024437E+06
 0.100000000E+02 0.400000000E+09 0.704024437E+06
 0.100000000E+02 0.400000000E+09 0.705024437E+06
 0.100000000E+02 0.400000000E+09 0.706024437E+06
 0.100000000E+02 0.400000000E+09 0.707024437E+06
 0.100000000E+02 0.400000000E+09 0.708024437E+06
 0.100000000E+02 0.400000000E+09 0.709024437E+06
 0.100000000E+02 0.400000000E+09 0.710024437E+06
 0.100000000E+02 0.400000000E+09 0.711024437E+06
 0.100000000E+02 0.400000000E+09 0.712024437E+06
 0.100000000E+02 0.400000000E+09 0.713024437E+06
 0.100000000E+02 0.400000000E+09 0.714024437E+06
 0.100000000E+02 0.400000000E+09 0.715024437E+06
 0.100000000E+02 0.400000000E+09 0.716024437E+06
 0.100000000E+02 0.400000000E+09 0.717024437E+06
 0.100000000E+02 0.400000000E+09 0.718024437E+06
 0.100000000E+02 0.400000000E+09 0.719024437E+06
 0.100000000E+02 0.400000000E+09 0.720024437E+06
 0.100000000E+02 0.400000000E+09 0.721024437E+06
 0.100000000E+02 0.400000000E+09 0.722024437E+06
 0.100000000E+02 0.400000000E+09 0.723024437E+06
 0.100000000E+02 0.400000000E+09 0.724024437E+06
 0.100000000E+02 0.400000000E+09 0.725024437E+06
 0.100000000E+02 0.400000000E+09 0.726024437E+06
 0.100000000E+02 0.400000000E+09 0.727024437E+06
 0.100000000E+02 0.400000000E+09 0.728024437E+06
 0.100000000E+02 0.400000000E+09 0.729024437E+06
 0.100000000E+02 0.400000000E+09 0.730024437E+06
 0.100000000E+02 0.400000000E+09 0.731024437E+06
 0.100000000E+02 0.400000000E+09 0.732024437E+06
 0.100000000E+02 0.400000000E+09 0.733024437E+06
 0.100000000E+02 0.400000000E+09 0.734024437E+06
 0.100000000E+02 0.400000000E+09 0.735024437E+06
 0.100000000E+02 0.400000000E+09 0.736024437E+06
 0.100000000E+02 0.400000000E+09 0.737024437E+06
 0.100000000E+02 0.400000000E+09 0.738024437E+06
 0.100000000E+02 0.400000000E+09 0.739024437E+06
 0.100000000E+02 0.400000000E+09 0.740024437E+06
 0.100000000E+02 0.400000000E+09 0.741024437E+06
 0.100000000E+02 0.400000000E+09 0.742024437E+06
 0.100000000E+02 0.400000000E+09 0.743024437E+06
 0.100000000E+02 0.400000000E+09 0.744024437E+06
 0.100000000E+02 0.400000000E+09 0.745024437E+06
 0.100000000E+02 0.400000000E+09 0.746024437E+06
 0.100000000E+02 0.400000000E+09 0.747024437E+06
 0.100000000E+02 0.400000000E+09 0.748024437E+06
 0.100000000E+02 0.400000000E+09 0.749024437E+06
 0.100000000E+02 0.400000000E+09 0.750024437E+06
 0.100000000E+02 0.400000000E+09 0.751024437E+06
 0.100000000E+02 0.400000000E+09 0.752024437E+06
 0.100000000E+02 0.400000000E+09 0.753024437E+06
 0.100000000E+02 0.400000000E+09 0.754024437E+06
 0.100000000E+02 0.400000000E+09 0.755024437E+06
 0.100000000E+02 0.400000000E+09 0.756024437E+06
 0.100000000E+02 0.400000000E+09 0.757024437E+06
 0.100000000E+02 0.400000000E+09 0.758024437E+06
 0.100000000E+02 0.400000000E+09 0.759024437E+06
 0.100000000E+02 0.400000000E+09 0.760024437E+06
 0.100000000E+02 0.400000000E+09 0.761024437E+06
 0.100000000E+02 0.400000000E+09 0.762024437E+06
 0.100000000E+02 0.400000000E+09 0.763024437E+06
 0.100000000E+02 0.400000000E+09 0.764024437E+06
 0.100000000E+02 0.400000000E+09 0.765024437E+06
 0.100000000E+02 0.400000000E+09 0.766024437E+06
 0.100000000E+02 0.400000000E+09 0.767024437E+06
 0.100000000E+02 0.400000000E+09 0.768024437E+06
 0.100000000E+02 0.400000000E+09 0.769024437E+06
 0.100000000E+02 0.400000000E+09 0.770024437E+06
 0.100000000E+02 0.400000000E+09 0.771024437E+06
 0.100000000E+02 0.400000000E+09 0.772024437E+06
 0.100000000E+02 0.400000000E+09 0.773024437E+06
 0.100000000E+02 0.400000000E+09 0.774024437E+06
 0.100000000E+02 0.400000000E+09 0.775024437E+06
 0.100000000E+02 0.400000000E+09 0.776024437E+06
 0.100000000E+02 0.400000000E+09 0.777024437E+06
 0.100000000E+02 0.400000000E+09 0.778024437E+06
 0.100000000E+02 0.400000000E+09 0.779024437E+06
 0.100000000E+02 0.400000000E+09 0.780024437E+06
 0.100000000E+02 0.400000000E+09 0.781024437E+06
 0.100000000E+02 0.400000000E+09 0.782024437E+06
 0.100000000E+02 0.400000000E+09 0.783024437E+06
 0.100000000E+02 0.400000000E+09 0.784024437E+06
 0.100000000E+02 0.400000000E+09 0.785024437E+06
 0.100000000E+02 0.400000000E+09 0.786024437E+06
 0.100000000E+02 0.400000000E+09 0.787024437E+06
 0.100000000E+02 0.400000000E+09 0.788024437E+06
 0.100000000E+02 0.400000000E+09 0.789024437E+06
 0.100000000E+02 0.400000000E+09 0.790024437E+06
 0.100000000E+02 0.400000000E+09 0.791024437E+06
 0.100000000E+02 0.400000000E+09 0.792024437E+06
 0.100000000E+02 0.400000000E+09 0.793024437E+06
 0.100000000E+02 0.400000000E+09 0.794024437E+06
 0.100000000E+02 0.400000000E+09 0.795024437E+06
 0.100000000E+02 0.400000000E+09 0.796024437E+06
 0.100000000E+02 0.400000000E+09 0.797024437E+06
 0.100000000E+02 0.400000000E+09 0.798024437E+06
 0.100000000E+02 0.400000000E+09 0.799024437E+06
 0.100000000E+02 0.400000000E+09 0.800024437E+06
 0.100000000E+02 0.400000000E+09 0.801024437E+06
 0.100000000E+02 0.400000000E+09 0.802024437E+06
 0.100000000E+02 0.400000000E+09 0.803024437E+06
 0.100000000E+02 0.400000000E+09 0.804024437E+06
 0.100000000E+02 0.400000000E+09 0.805024437E+06
 0.100000000E+02 0.400000000E+09 0.806024437E+06
 0.100000000E+02 0.400000000E+09 0.807024437E+06
 0.100000000E+02 0.400000000E+09 0.808024437E+06
 0.100000000E+02 0.400000000E+09 0.809024437E+06
 0.100000000E+02 0.400000000E+09 0.810024437E+06
 0.100000000E+02 0.400000000E+09 0.811024437E+06
 0.100000000E+02 0.400000000E+09 0.812024437E+06
 0.100000000E+02 0.400000000E+09 0.813024437E+06
 0.100000000E+02 0.400000000E+09 0.814024437E+06
 0.100000000E+02 0.400000000E+09 0.815024437E+06
 0.100000000E+02 0.400000000E+09 0.816024437E+06
 0.100000000E+02 0.400000000E+09 0.817024437E+06
 0.100000000E+02 0.400000000E+09 0.818024437E+06
 0.100000000E+02 0.400000000E+09 0.819024437E+06
 0.100000000E+02 0.400000000E+09 0.820024437E+06
 0.100000000E+02 0.400000000E+09 0.821024437E+06
 0.100000000E+02 0.400000000E+09 0.822024437E+06
 0.100000000E+02 0.400000000E+09 0.823024437E+06
 0.100000000E+02 0.400000000E+09 0.824024437E+06
 0.100000000E+02 0.400000000E+09 0.825024437E+06
 0.100000000E+02 0.400000000E+09 0.826024437E+06
 0.100000000E+02 0.400000000E+09 0.827024437E+06
 0.100000000E+02 0.400000000E+09 0.828024437E+06
 0.100000000E+02 0.400000000E+09 0.829024437E+06
 0.100000000E+02 0.400000000E+09 0.830024437E+06
 0.100000000E+02 0.400000000E+09 0.831024437E+06
 0.100000000E+02 0.400000000E+09 0.832024437E+06
 0.100000000E+02 0.400000000E+09 0.833024437E+06
 0.100000000E+02 0.400000000E+09 0.834024437E+06
 0.100000000E+02 0.400000000E+09 0.835024437E+06
 0.100000000E+02 0.400000000E+09 0.836024437E+06
 0.100000000E+02 0.400000000E+09 0.837024437E+06
 0.100000000E+02 0.400000000E+09 0.838024437E+06
 0.100000000E+02 0.400000000E+09 0.839024437E+06
 0.100000000E+02 0.400000000E+09 0.840024437E+06
 0.100000000E+02 0.400000000E+09 0.841024437E+06
 0.100000000E+02 0.400000000E+09 0.842024437E+06
 0.100000000E+02 0.400000000E+09 0.843024437E+06
 0.100000000E+02 0.400000000E+09 0.844024437E+06
 0.100000000E+02 0.400000000E+09 0.845024437E+06
 0.100000000E+02 0.400000000E+09 0.846024437E+06
 0.100000000E+02 0.400000000E+09 0.847024437E+06
 0.100000000E+02 0.400000000E+09 0.848024437E+06
 0.100000000E+02 0.400000000E+09 0.849024437E+06
 0.100000000E+02 0.400000000E+09 0.850024437E+06
 0.100000000E+02 0.400000000E+09 0.851024437E+06
 0.100000000E+02 0.400000000E+09 0.852024437E+06
 0.100000000E+02 0.400000000E+09 0.853024437E+06
 0.100000000E+02 0.400000000E+09 0.854024437E+06
 0.100000000E+02 0.400000000E+09 0.855024437E+06
 0.100000000E+02 0.400000000E+09 0.856024437E+06
 0.100000000E+02 0.400000000E+09 0.857024437E+06
 0.100000000E+02 0.400000000E+09 0.858024437E+06
 0.100000000E+02 0.400000000E+09 0.859024437E+06
 0.100000000E+02 0.400000000E+09 0.860024437E+06
 0.100000000E+02 0.400000000E+09 0.861024437E+06
 0.100000000E+02 0.400000000E+09 0.862024437E+06
 0.100000000E+02 0.400000000E+09 0.863024437E+06
 0.100000000E+02 0.400000000E+09 0.864024437E+06
 0.100000000E+02 0.400000000E+09 0.865024437E+06
 0.100000000E+02 0.400000000E+09 0.866024437E+06
 0.100000000E+02 0.400000000E+09 0.867024437E+06
 0.100000000E+02 0.400000000E+09 0.868024437E+06
 0.100000000E+02 0.400000000E+09 0.869024437E+06
 0.100000000E+02 0.400000000E+09 0.870024437E+06
 0.100000000E+02 0.400000000E+09 0.871024437E+06
 0.100000000E+02 0.400000000E+09 0.872024437E+06
 0.100000000E+02 0.400000000E+09 0.873024437E+06
 0.100000000E+02 0.400000000E+09 0.874024437E+06
 0.100000000E+02 0.400000000E+09 0.875024437E+06
 0.100000000E+02 0.400000000E+09 0.876024437E+06
 0.100000000E+02 0.400000000E+09 0.877024437E+06
 0.100000000E+02 0.400000000E+09 0.878024437E+06
 0.100000000E+02 0.400000000E+09 0.879024437E+06
 0.100000000E+02 0.400000000E+09 0.880024437E+06
 0.100000000E+02 0.400000000E+09 0.881024437E+06
 0.100000000E+02 0.400000000E+09 0.882024437E+06
 0.100000000E+02 0.400000000E+09 0.883024437E+06
 0.100000000E+02 0.400000000E+09 0.884024437E+06
 0.100000000E+02 0.400000000E+09 0.885024437E+06
 0.100000000E+02 0.400000000E+09 0.886024437E+06
 0.100000000E+02 0.400000000E+09 0.887024437E+06
 0.100000000E+02 0.400000000E+09 0.888024437E+06
 0.100000000E+02 0.400000000E+09 0.889024437E+06
 0.100000000E+02 0.400000000E+09 0.890024437E+06
 0.100000000E+02 0.400000000E+09 0.891024437E+06
 0.100000000E+02 0.400000000E+09 0.892024437E+06
 0.100000000E+02 0.400000000E+09 0.893024437E+06
 0.100000000E+02 0.400000000E+09 0.894024437E+06
 0.100000000E+02 0.400000000E+09 0.895024437E+06
 0.100000000E+02 0.400000000E+09 0.896024437E+06
 0.100000000E+02 0.400000000E+09 0.897024437E+06
 0.100000000E+02 0.400000000E+09 0.898024437E+06
 0.100000000E+02 0.400000000E+09 0.899024437E+06
 0.100000000E+02 0.400000000E+09 0.900024437E+06
 0.100000000E+02 0.400000000E+09 0.901024437E+06
 0.100000000E+02 0.400000000E+09 0.902024437E+06
 0.100000000E+02 0.400000000E+09 0.903024437E+06
 0.100000000E+02 0.400000000E+09 0.904024437E+06
 0.100000000E+02 0.400000000E+09 0.905024437E+06
 0.100000000E+02 0.400000000E+09 0.906024437E+06
 0.100000000E+02 0.400000000E+09 0.907024437E+06
 0.100000000E+02 0.400000000E+09 0.908024437E+06
 0.100000000E+02 0.400000000E+09 0.909024437E+06
 0.100000000E+02 0.400000000E+09 0.910024437E+06
 0.100000000E+02 0.400000000E+09 0.911024437E+06
 0.100000000E+02 0.400000000E+09 0.912024437E+06
 0.100000000E+02 0.400000000E+09 0.913024437E+06
 0.100000000E+02 0.400000000E+09 0.914024437E+06
 0.100000000E+02 0.400000000E+09 0.915024437E+06
 0.100000000E+02 0.400000000E+09 0.916024437E+06
 0.100000000E+02 0.400000000E+09 0.917024437E+06
 0.100000000E+02 0.400000000E+09 0.918024437E+06
 0.100000000E+02 0.400000000E+09 0.919024437E+06
 0.100000000E+02 0.400000000E+09 0.920024437E+06
 0.100000000E+02 0.400000000E+09 0.921024437E+06
 0.100000000E+02 0.400000000E+09 0.922024437E+06
 0.100000000E+02 0.400000000E+09 0.923024437E+06
 0.100000000E+02 0.400000000E+09 0.924024437E+06
 0.100000000E+02 0.400000000E+09 0.925024437E+06
 0.100000000E+02 0.400000000E+09 0.926024437E+06
 0.100000000E+02 0.400000000E+09 0.927024437E+06
 0.100000000E+02 0.400000000E+09 0.928024437E+06
 0.100000000E+02 0.400000000E+09 0.929024437E+06
 0.100000000E+02 0.400000000E+09 0.930024437E+06
 0.100000000E+02 0.400000000E+09 0.931024437E+06
 0.100000000E+02 0.400000000E+09 0.932024437E+06
 0.100000000E+02 0.400000000E+09 0.933024437E+06
 0.100000000E+02 0.400000000E+09 0.934024437E+06
 0.100000000E+02 0.400000000E+09 0.935024437E+06
 0.100000000E+02 0.400000000E+09 0.936024437E+06
 0.100000000E+02 0.400000000E+09 0.937024437E+06
 0.100000000E+02 0.400000000E+09 0.938024437E+06
 0.100000000E+02 0.400000000E+09 0.939024437E+06
 0.100000000E+02 0.400000000E+09 0.940024437E+06
 0.100000000E+02 0.400000000E+09 0.941024437E+06
 0.100000000E+02 0.400000000E+09 0.942024437E+06
 0.100000000E+02 0.400000000E+09 0.943024437E+06
 0.100000000E+02 0.400000000E+09 0.944024437E+06
 0.100000000E+02 0.400000000E+09 0.945024437E+06
 0.100000000E+02 0.400000000E+09 0.946024437E+06
 0.100000000E+02 0.400000000E+09 0.947024437E+06
 0.100000000E+02 0.400000000E+09 0.948024437E+06
 0.100000000E+02 0.400000000E+09 0.949024437E+06
 0.100000000E+02 0.400000000E+09 0.950024437E+06
 0.100000000E+02 0.400000000E+09 0.951024437E+06
 0.100000000E+02 0.400000000E+09 0.952024437E+06
 0.100000000E+02 0.400000000E+09 0.953024437E+06
 0.100000000E+02 0.400000000E+09 0.954024437E+06
 0.100000000E+02 0.400000000E+09 0.955024437E+06
 0.100000000E+02 0.400000000E+09 0.956024437E+06
 0.100000000E+02 0.400000000E+09 0.957024437E+06
 0.100000000E+02 0.400000000E+09 0.958024437E+06
 0.100000000E+02 0.400000000E+09 0.959024437E+06
 0.100000000E+02 0.400000000E+09 0.960024437E+06
 0.100000000E+02 0.400000000E+09 0.961024437E+06
 0.100000000E+02 0.400000000E+09 0.962024437E+06
 0.100000000E+02 0.400000000E+09 0.963024437E+06
 0.100000000E+02 0.400000000E+09 0.964024437E+06
 0.100000000E+02 0.400000000E+09 0.965024437E+06
 0.100000000E+02 0.400000000E+09 0.966024437E+06
 0.100000000E+02 0.400000000E+09 0.967024437E+06
 0.100000000E+02 0.400000000E+09 0.968024437E+06
 0.100000000E+02 0.400000000E+09 0.969024437E+06
 0.100000000E+02 0.400000000E+09 0.970024437E+06
 0.100000000E+02 0.400000000E+09 0.971024437E+06
 0.100000000E+02 0.400000000E+09 0.972024437E+06
 0.100000000E+02 0.400000000E+09 0.973024437E+06
 0.100000000E+02 0.400000000E+09 0.974024437E+06
 0.100000000E+02 0.400000000E+09 0.975024437E+06
 0.100000000E+02 0.400000000E+09 0.976024437E+06
 0.100000000E+02 0.400000000E+09 0.977024437E+06
 0.100000000E+02 0.400000000E+09 0.978024437E+06
 0.100000000E+02 0.400000000E+09 0.979024437E+06
 0.100000000E+02 0.400000000E+09 0.980024437E+06
 0.100000000E+02 0.400000000E+09 0.981024437E+06
 0.100000000E+02 0.400000000E+09 0.982024437E+06
 0.100000000E+02 0.400000000E+09 0.983024437E+06
 0.100000000E+02 0.400000000E+09 0.984024437E+06
 0.100000000E+02 0.400000000E+09 0.985024437E+06
 0.100000000E+02 0.400000000E+09 0.986024437E+06
 0.100000000E+02 0.400000000E+09 0.987024437E+06
 0.100000000E+02 0.400000000E+09 0.988024437E+06
 0.100000000E+02 0.400000000E+09 0.989024437E+06
 0.100000000E+02 0.400000000E+09 0.990024437E+06
 0.100000000E+02 0.400000000E+09 0.991024437E+06
 0.100000000E+02 0.400000000E+09 0.992024437E+06
 0.100000000E+02 0.400000000E+09 0.993024437E+06
 0.100000000E+02 0.400000000E+09 0.994024437E+06
 0.100000000E+02 0.400000000E+09 0.995024437E+06
 0.100000000E+02 0.400000000E+09 0.996024437E+06
 0.100000000E+02 0.400000000E+09 0.997024437E+06
 0.100000000E+02 0.400000000E+09 0.998024437E+06
 0.100000000E+02 0.400000000E+09 0.999024437E+06
 0.100000000E+02 0.400000000E+09 0.100002444E+07
